6 0.369963 0.668138 0.229114 0.177976 0.970905
1 0.708654 0.379963 0.155524 0.116803 0.82787
4 0.361223 0.461504 0.204268 0.150805 0.714014
6 0.759874 0.502096 0.2288 0.164982 0.636952
2 0.571626 0.670942 0.215003 0.167612 0.570143
4 0.494726 0.366203 0.207161 0.156613 0.444498
6 0.76241 0.500991 0.227232 0.168371 0.339015
6 0.369963 0.668138 0.229114 0.177976 0.970905
1 0.708654 0.379963 0.155524 0.116803 0.82787
4 0.361223 0.461504 0.204268 0.150805 0.714014
6 0.759874 0.502096 0.2288 0.164982 0.636952
2 0.571626 0.670942 0.215003 0.167612 0.570143
4 0.494726 0.366203 0.207161 0.156613 0.444498
6 0.76241 0.500991 0.227232 0.168371 0.339015
6 0.369963 0.668138 0.229114 0.177976 0.970905
1 0.708654 0.379963 0.155524 0.116803 0.82787
4 0.361223 0.461504 0.204268 0.150805 0.714014
6 0.759874 0.502096 0.2288 0.164982 0.636952
2 0.571626 0.670942 0.215003 0.167612 0.570143
4 0.494726 0.366203 0.207161 0.156613 0.444498
6 0.76241 0.500991 0.227232 0.168371 0.339015
6 0.369963 0.668138 0.229114 0.177976 0.970905
1 0.708654 0.379963 0.155524 0.116803 0.82787
4 0.361223 0.461504 0.204268 0.150805 0.714014
6 0.759874 0.502096 0.2288 0.164982 0.636952
2 0.571626 0.670942 0.215003 0.167612 0.570143
4 0.494726 0.366203 0.207161 0.156613 0.444498
6 0.76241 0.500991 0.227232 0.168371 0.339015
6 0.369963 0.668138 0.229114 0.177976 0.970905
1 0.708654 0.379963 0.155524 0.116803 0.82787
4 0.361223 0.461504 0.204268 0.150805 0.714014
6 0.759874 0.502096 0.2288 0.164982 0.636952
2 0.571626 0.670942 0.215003 0.167612 0.570143
4 0.494726 0.366203 0.207161 0.156613 0.444498
6 0.76241 0.500991 0.227232 0.168371 0.339015
6 0.369963 0.668138 0.229114 0.177976 0.970905
1 0.708654 0.379963 0.155524 0.116803 0.82787
4 0.361223 0.461504 0.204268 0.150805 0.714014
6 0.759874 0.502096 0.2288 0.164982 0.636952
2 0.571626 0.670942 0.215003 0.167612 0.570143
4 0.494726 0.366203 0.207161 0.156613 0.444498
6 0.76241 0.500991 0.227232 0.168371 0.339015
6 0.369963 0.668138 0.229114 0.177976 0.970905
1 0.708654 0.379963 0.155524 0.116803 0.82787
4 0.361223 0.461504 0.204268 0.150805 0.714014
6 0.759874 0.502096 0.2288 0.164982 0.636952
2 0.571626 0.670942 0.215003 0.167612 0.570143
4 0.494726 0.366203 0.207161 0.156613 0.444498
6 0.76241 0.500991 0.227232 0.168371 0.339015
6 0.369963 0.668138 0.229114 0.177976 0.970905
1 0.708654 0.379963 0.155524 0.116803 0.82787
4 0.361223 0.461504 0.204268 0.150805 0.714014
6 0.759874 0.502096 0.2288 0.164982 0.636952
2 0.571626 0.670942 0.215003 0.167612 0.570143
4 0.494726 0.366203 0.207161 0.156613 0.444498
6 0.76241 0.500991 0.227232 0.168371 0.339015
6 0.369963 0.668138 0.229114 0.177976 0.970905
1 0.708654 0.379963 0.155524 0.116803 0.82787
4 0.361223 0.461504 0.204268 0.150805 0.714014
6 0.759874 0.502096 0.2288 0.164982 0.636952
2 0.571626 0.670942 0.215003 0.167612 0.570143
4 0.494726 0.366203 0.207161 0.156613 0.444498
6 0.76241 0.500991 0.227232 0.168371 0.339015
6 0.369963 0.668138 0.229114 0.177976 0.970905
1 0.708654 0.379963 0.155524 0.116803 0.82787
4 0.361223 0.461504 0.204268 0.150805 0.714014
6 0.759874 0.502096 0.2288 0.164982 0.636952
2 0.571626 0.670942 0.215003 0.167612 0.570143
4 0.494726 0.366203 0.207161 0.156613 0.444498
6 0.76241 0.500991 0.227232 0.168371 0.339015
