6 0.314244 0.489869 0.229158 0.17245 0.981938
4 0.76205 0.392826 0.193602 0.144615 0.709623
5 0.495186 0.388511 0.194498 0.146041 0.613895
5 0.56976 0.575749 0.239965 0.182977 0.3155
4 0.75947 0.391994 0.196817 0.144821 0.866561
4 0.571178 0.569444 0.240938 0.17601 0.716996
6 0.321517 0.488818 0.240943 0.172938 0.604622
4 0.492306 0.386828 0.195595 0.1466 0.552874
7 0.75998 0.392144 0.194049 0.142447 0.357509
6 0.311613 0.489363 0.230447 0.174117 0.914141
5 0.57098 0.576961 0.24252 0.185078 0.890454
4 0.757914 0.392547 0.1937 0.148332 0.608178
5 0.493296 0.387193 0.191713 0.145823 0.586919
